1) L_0 = 47
   x_1 = 1.69118
   x_2 = 2.38235
   x_3 = 3.07353
   x_4 = 3.76471
   x_5 = 4.45588
   x_6 = 5.14706
   x_7 = 5.83824
   x_8 = 6.52941
   x_9 = 7.22059
   x_10 = 7.91176
   x_11 = 8.60294
   x_12 = 9.29412
   x_13 = 9.98529
   x_14 = 10.6765
   x_15 = 11.3676
   x_16 = 12.0588
   x_17 = 12.75
   x_18 = 13.4412
   x_19 = 14.1324
   x_20 = 14.8235
   x_21 = 15.5147
   x_22 = 16.2059
   x_23 = 16.8971
   x_24 = 17.5882
   x_25 = 18.2794
   x_26 = 18.9706
   x_27 = 19.6618
   x_28 = 20.3529
   x_29 = 21.0441
   x_30 = 21.7353
   x_31 = 22.4265
   x_32 = 23.1176
   x_33 = 23.8088
   x_34 = 24.5
   x_35 = 25.1912
   x_36 = 25.8824
   x_37 = 26.5735
   x_38 = 27.2647
   x_39 = 27.9559
   x_40 = 28.6471
   x_41 = 29.3382
   x_42 = 30.0294
   x_43 = 30.7206
   x_44 = 31.4118
   x_45 = 32.1029
   x_46 = 32.7941
   x_47 = 33.4853
   x_48 = 34.1765
   x_49 = 34.8676
   x_50 = 35.5588
   x_51 = 36.25
   x_52 = 36.9412
   x_53 = 37.6324
   x_54 = 38.3235
   x_55 = 39.0147
   x_56 = 39.7059
   x_57 = 40.3971
   x_58 = 41.0882
   x_59 = 41.7794
   x_60 = 42.4706
   x_61 = 43.1618
   x_62 = 43.8529
   x_63 = 44.5441
   x_64 = 45.2353
   x_65 = 45.9265
   x_66 = 46.6176
   x_67 = 47.3088
   f(x_1) = -104.905
   f(x_2) = -151.854
   f(x_3) = -197.848
   f(x_4) = -242.886
   f(x_5) = -286.969
   f(x_6) = -330.096
   f(x_7) = -372.268
   f(x_8) = -413.484
   f(x_9) = -453.745
   f(x_10) = -493.051
   f(x_11) = -531.401
   f(x_12) = -568.796
   f(x_13) = -605.235
   f(x_14) = -640.719
   f(x_15) = -675.247
   f(x_16) = -708.82
   f(x_17) = -741.438
   f(x_18) = -773.099
   f(x_19) = -803.806
   f(x_20) = -833.557
   f(x_21) = -862.353
   f(x_22) = -890.193
   f(x_23) = -917.078
   f(x_24) = -943.007
   f(x_25) = -967.981
   f(x_26) = -991.999
   f(x_27) = -1015.06
   f(x_28) = -1037.17
   f(x_29) = -1058.32
   f(x_30) = -1078.52
   f(x_31) = -1097.76
   f(x_32) = -1116.04
   f(x_33) = -1133.38
   f(x_34) = -1149.75
   f(x_35) = -1165.17
   f(x_36) = -1179.63
   f(x_37) = -1193.14
   f(x_38) = -1205.69
   f(x_39) = -1217.29
   f(x_40) = -1227.93
   f(x_41) = -1237.62
   f(x_42) = -1246.35
   f(x_43) = -1254.13
   f(x_44) = -1260.95
   f(x_45) = -1266.81
   f(x_46) = -1271.72
   f(x_47) = -1275.68
   f(x_48) = -1278.67
   f(x_49) = -1280.72
   f(x_50) = -1281.81
   f(x_51) = -1281.94
   f(x_52) = -1281.11
   f(x_53) = -1279.34
   f(x_54) = -1276.6
   f(x_55) = -1272.91
   f(x_56) = -1268.27
   f(x_57) = -1262.67
   f(x_58) = -1256.11
   f(x_59) = -1248.6
   f(x_60) = -1240.13
   f(x_61) = -1230.71
   f(x_62) = -1220.33
   f(x_63) = -1209
   f(x_64) = -1196.71
   f(x_65) = -1183.47
   f(x_66) = -1169.27
   f(x_67) = -1154.11
4) min f(x_i) =  f(x_51) =  f(36.25) = -1281.94
 Ответ: 36.25 +- 0.691176